20
Christy
Sandoval
2
2025
-1
43.2038
-1
46.2697
-1
43.5647
-1
0
-1
0
-1
0
0
Margaret
Neal
2
2025
-1
43.1959
-1
44.1415
-1
20.3126
-1
0
-1
0
-1
0
0
Harry
Spencer
2
2025
-1
39.2304
-1
27.615
-1
40.1152
-1
0
-1
0
-1
0
0
Kimberly
Williams
2
2025
-1
34.8185
-1
36.259
-1
38.1519
-1
0
-1
0
-1
0
0
Carla
Adams
2
2025
-1
36.0217
-1
34.7613
-1
33.4086
-1
0
-1
0
-1
0
0
William
Walters
2
2025
-1
46.3374
-1
42.9596
-1
36.3646
-1
0
-1
0
-1
0
0
Edward
Torres
2
2025
-1
41.4925
-1
30.6456
-1
48.4353
-1
0
-1
0
-1
0
0
Anita
Allen
2
2025
-1
29.8415
-1
38.3647
-1
29.6163
-1
0
-1
0
-1
0
0
Luis
Page
2
2025
-1
34.932
-1
34.0478
-1
20.281
-1
0
-1
0
-1
0
0
David
Williams
1
2025
-1
26.1275
-1
39.3779
-1
36.6061
-1
0
-1
0
-1
0
1
David
Blake
1
2026
-1
29.2975
-1
25.0116
-1
29.9397
-1
0
-1
0
-1
0
0
Phillip
Allen
1
2026
-1
38.861
-1
41.6878
-1
39.7426
-1
0
-1
0
-1
0
0
Kennedy
Le
1
2026
-1
34.9503
-1
36.8694
-1
43.8516
-1
0
-1
0
-1
0
0
Brandon
Mcgee
1
2026
-1
37.1397
-1
34.955
-1
45.5686
-1
0
-1
0
-1
0
0
Adam
Dawson
1
2026
-1
37.3439
-1
42.4293
-1
37.4108
-1
0
-1
0
-1
0
0
Richard
Cannon
1
2026
-1
27.5694
-1
43.4483
-1
37.242
-1
0
-1
0
-1
0
0
Susan
Mendez
1
2026
-1
28.123
-1
43.9964
-1
45.5984
-1
0
-1
0
-1
0
0
Joyce
Nunez
1
2026
-1
34.8187
-1
34.4743
-1
36.5254
-1
0
-1
0
-1
0
0
Frank
Anderson
1
2026
-1
23.9726
-1
44.0591
-1
29.0399
-1
0
-1
0
-1
0
0
Pedro
Morris
1
2026
-1
44.7491
-1
43.9754
-1
49.4224
-1
0
-1
0
-1
0
0
2
Logan
Mitchell
4
2
1970
85
98
Janet
Rojas
9
4
1969
85
97
11
12
2026
0
0
16263
1.019333323
10
1
2026 270000 81486 144000 59514
128400 73800 97851
